3.809230000000000018e+02 1.027731888487805056e+00
3.883269999999999982e+02 1.017849929825092703e+00
3.957330000000000041e+02 1.010326558243944461e+00
4.031429999999999723e+02 1.004972181447460811e+00
4.105559999999999832e+02 1.001594196383519764e+00
4.179710000000000036e+02 9.999999999999993339e-01
4.253899999999999864e+02 1.000000000000000000e+00
4.328099999999999454e+02 1.000000000000000000e+00
4.402350000000000136e+02 1.000000000000000000e+00
4.476600000000000250e+02 1.000000000000000000e+00
4.550879999999999654e+02 1.000000000000000000e+00
4.625159999999999627e+02 1.000000000000000000e+00
4.699479999999999791e+02 1.000000000000000000e+00
4.773800000000000523e+02 1.000000000000000000e+00
4.848149999999999977e+02 1.000000000000000000e+00
4.922500000000000000e+02 1.000000000000000000e+00
4.996890000000000214e+02 1.000000000000000000e+00
5.071270000000000095e+02 1.000000000000000000e+00
5.145679999999999836e+02 1.000000000000000000e+00
5.220080000000000382e+02 1.000000000000000000e+00
5.294510000000000218e+02 1.000000000000000000e+00
5.368940000000000055e+02 1.000000000000000000e+00
5.443390000000000555e+02 1.000000000000000000e+00
5.517840000000001055e+02 1.000000000000000000e+00
5.592319999999999709e+02 1.000000000000000000e+00
5.666790000000000873e+02 1.000000000000000000e+00
5.741270000000000664e+02 1.000000000000000000e+00
5.815760000000000218e+02 1.000000000000000000e+00
5.890260000000000673e+02 1.000000000000000000e+00
5.964759999999999991e+02 1.000000000000000000e+00
6.039270000000000209e+02 1.000000000000000000e+00
6.113799999999999955e+02 1.000000000000000000e+00
6.188319999999999936e+02 1.000000000000000000e+00
6.262860000000000582e+02 1.000000000000000000e+00
6.337390000000000327e+02 1.000000000000000000e+00
6.411929999999999836e+02 1.000000000000000000e+00
6.486480000000000246e+02 1.000000000000000000e+00
6.561029999999999518e+02 1.000000000000000000e+00
6.635589999999999691e+02 1.000000000000000000e+00
6.710149999999999864e+02 1.000000000000000000e+00
6.784710000000000036e+02 1.000000000000000000e+00
6.859279999999999973e+02 1.000000000000000000e+00
6.933849999999999909e+02 1.000000000000000000e+00
7.008429999999999609e+02 1.000000000000000000e+00
7.083009999999999309e+02 1.000000000000000000e+00
7.157580000000000382e+02 1.000000000000000000e+00
7.232169999999999845e+02 1.000000000000000000e+00
7.306760000000000446e+02 1.000000000000000000e+00
7.381349999999999909e+02 1.000000000000000000e+00
7.455939999999999372e+02 1.000000000000000000e+00
7.530529999999999973e+02 1.000000000000000000e+00
7.605140000000000100e+02 1.000000000000000000e+00
7.679730000000000700e+02 1.000000000000000000e+00
7.754339999999999691e+02 1.000000000000000000e+00
7.828949999999999818e+02 1.000000000000000000e+00
7.903550000000000182e+02 1.000000000000000000e+00
7.978170000000000073e+02 1.000000000000000000e+00
8.052789999999999964e+02 1.000000000000000000e+00
8.127410000000000991e+02 1.000000000000000000e+00
8.202019999999999982e+02 1.000000000000000000e+00
8.276639999999999873e+02 1.000000000000000000e+00
8.351250000000000000e+02 1.000000000000000000e+00
8.425869999999999891e+02 1.000000000000000000e+00
8.500490000000000919e+02 1.000000000000000000e+00
8.575109999999999673e+02 1.000000000000000000e+00
8.649729999999999563e+02 1.000000000000000000e+00
8.724349999999999454e+02 1.000000000000000000e+00
8.798979999999999109e+02 1.000000000000000000e+00
8.873590000000000373e+02 1.000000000000000000e+00
8.948210000000000264e+02 1.000000000000000000e+00
9.022839999999999918e+02 1.000000000000000000e+00
9.097460000000000946e+02 1.000000000000000000e+00
9.172090000000000600e+02 1.000000000000000000e+00
9.246710000000000491e+02 1.000000000000000000e+00
9.321340000000000146e+02 1.000000000000000000e+00
9.395960000000000036e+02 1.000000000000000000e+00
9.470579999999999927e+02 1.000000000000000000e+00
9.545199999999999818e+02 1.000000000000000000e+00
9.619819999999999709e+02 1.000000000000000000e+00
9.694439999999999600e+02 1.000000000000000000e+00
9.769060000000000628e+02 1.000000000000000000e+00
9.843669999999999618e+02 1.000000000000000000e+00
9.918289999999999509e+02 1.000000000000000000e+00
9.992899999999999636e+02 1.000000000000000000e+00
1.006752000000000066e+03 1.000000000000000000e+00
1.014213000000000079e+03 1.000000000000000000e+00
1.021673999999999978e+03 1.000000000000000000e+00
1.029134999999999991e+03 1.000000000000000000e+00
1.036595000000000027e+03 1.000000000000000000e+00
1.044056000000000040e+03 1.000000000000000000e+00
1.051515999999999849e+03 1.000000000000000000e+00
1.058977000000000089e+03 1.000000000000000000e+00
1.066438000000000102e+03 1.000000000000000000e+00
1.073897000000000162e+03 1.000000000000000000e+00
1.081357999999999947e+03 1.000000000000000000e+00
1.088817999999999984e+03 1.000000000000000000e+00
1.096277000000000044e+03 1.000000000000000000e+00
1.103736000000000104e+03 1.000000000000000000e+00
1.111196000000000140e+03 1.000000000000000000e+00
1.118653999999999996e+03 1.000000000000000000e+00
1.126114000000000033e+03 1.000000000000000000e+00
1.133572999999999865e+03 1.000000000000000000e+00
1.141029999999999973e+03 1.000000000000000000e+00
1.148489000000000033e+03 1.000000000000000000e+00
1.155947999999999865e+03 1.000000000000000000e+00
1.163405999999999949e+03 1.000000000000000000e+00
1.170863999999999805e+03 1.000000000000000000e+00
1.178320999999999913e+03 1.000000000000000000e+00
1.185778999999999996e+03 1.000000000000000000e+00
1.193235999999999876e+03 1.000000000000000000e+00
1.200693999999999960e+03 1.000000000000000000e+00
1.208151000000000067e+03 1.000000000000000000e+00
1.215607000000000198e+03 1.000000000000000000e+00
1.223063999999999851e+03 1.000000000000000000e+00
1.230520999999999958e+03 1.000000000000000000e+00
1.237977000000000089e+03 1.000000000000000000e+00
1.245432999999999993e+03 1.000000000000000000e+00
1.252890000000000100e+03 1.000000000000000000e+00
1.260346000000000004e+03 1.000000000000000000e+00
1.267800999999999931e+03 1.000000000000000000e+00
1.275257000000000062e+03 1.000000000000000000e+00
1.282711999999999989e+03 1.000000000000000000e+00
1.290167999999999893e+03 1.000000000000000000e+00
1.297623000000000047e+03 1.000000000000000000e+00
1.305077999999999975e+03 1.000000000000000000e+00
1.312531999999999925e+03 1.000000000000000000e+00
1.319986000000000104e+03 1.000000000000000000e+00
1.327440000000000055e+03 1.000000000000000000e+00
1.334893000000000029e+03 1.000000000000000000e+00
1.342346000000000004e+03 1.000000000000000000e+00
1.349798999999999978e+03 1.000000000000000000e+00
1.357253000000000156e+03 1.000000000000000000e+00
1.364705000000000155e+03 1.000000000000000000e+00
1.372155999999999949e+03 1.000000000000000000e+00
1.379607999999999947e+03 1.000000000000000000e+00
1.387058999999999969e+03 1.000000000000000000e+00
1.394510999999999967e+03 1.000000000000000000e+00
1.401961000000000013e+03 1.000000000000000000e+00
1.409411000000000058e+03 1.000000000000000000e+00
1.416862000000000080e+03 1.000000000000000000e+00
1.424311000000000149e+03 1.000000000000000000e+00
1.431759999999999991e+03 1.000000000000000000e+00
1.439210000000000036e+03 1.000000000000000000e+00
1.446657999999999902e+03 1.000000000000000000e+00
1.454105999999999995e+03 1.000000000000000000e+00
1.461554999999999836e+03 1.000000000000000000e+00
1.469001999999999953e+03 1.000000000000000000e+00
1.476450000000000045e+03 1.000000000000000000e+00
1.483896999999999935e+03 1.000000000000000000e+00
1.491344000000000051e+03 1.000000000000000000e+00
1.498789999999999964e+03 1.000000000000000000e+00
1.506237000000000080e+03 1.000000000000000000e+00
1.513682000000000016e+03 1.000000000000000000e+00
1.521127999999999929e+03 1.000000000000000000e+00
1.528572999999999865e+03 1.000000000000000000e+00
1.536018000000000029e+03 1.000000000000000000e+00
1.543462999999999965e+03 1.000000000000000000e+00
1.550906999999999925e+03 1.000000000000000000e+00
1.558349999999999909e+03 1.000000000000000000e+00
1.565793999999999869e+03 1.000000000000000000e+00
1.573237000000000080e+03 1.000000000000000000e+00
1.580680000000000064e+03 1.000000000000000000e+00
1.588122000000000071e+03 1.000000000000000000e+00
1.595564000000000078e+03 1.000000000000000000e+00
1.603005999999999858e+03 1.000000000000000000e+00
1.610446999999999889e+03 1.000000000000000000e+00
1.617887999999999920e+03 1.000000000000000000e+00
1.625328000000000202e+03 1.000000000000000000e+00
1.632769000000000005e+03 1.000000000000000000e+00
1.640208000000000084e+03 1.000000000000000000e+00
1.647647999999999911e+03 1.000000000000000000e+00
1.655086999999999989e+03 1.000000000000000000e+00
1.662525000000000091e+03 1.000000000000000000e+00
1.669963000000000193e+03 1.000000000000000000e+00
1.677400999999999840e+03 1.000000000000000000e+00
1.684837999999999965e+03 1.000000000000000000e+00
1.692275999999999840e+03 1.000000000000000000e+00
1.699712999999999965e+03 1.000000000000000000e+00
1.707149000000000115e+03 1.000000000000000000e+00
1.714584000000000060e+03 1.000000000000000000e+00
1.722020999999999958e+03 1.000000000000000000e+00
1.729456000000000131e+03 1.000000000000000000e+00
1.736890000000000100e+03 1.000000000000000000e+00
1.744324999999999818e+03 1.000000000000000000e+00
1.751759000000000015e+03 1.000000000000000000e+00
1.759192000000000007e+03 1.000000000000000000e+00
1.766625999999999976e+03 1.000000000000000000e+00
1.774058999999999969e+03 1.000000000000000000e+00
1.781492000000000189e+03 1.000000000000000000e+00
1.788923999999999978e+03 1.000000000000000000e+00
1.796355999999999995e+03 1.000000000000000000e+00
1.803788000000000011e+03 1.000000000000000000e+00
1.811218000000000075e+03 1.000000000000000000e+00
1.818648999999999887e+03 1.000000000000000000e+00
1.826078999999999951e+03 1.000000000000000000e+00
1.833507999999999811e+03 1.000000000000000000e+00
1.840937999999999874e+03 1.000000000000000000e+00
1.848367000000000189e+03 1.000000000000000000e+00
1.855795000000000073e+03 1.000000000000000000e+00
1.863223000000000184e+03 1.000000000000000000e+00
1.870651000000000067e+03 1.000000000000000000e+00
1.878077999999999975e+03 1.000000000000000000e+00
1.885504999999999882e+03 1.000000000000000000e+00
1.892930999999999813e+03 1.000000000000000000e+00
1.900356999999999971e+03 1.000000000000000000e+00
1.907782000000000153e+03 1.000000000000000000e+00
1.915207000000000107e+03 1.000000000000000000e+00
1.922631000000000085e+03 1.000000000000000000e+00
1.930055000000000064e+03 1.000000000000000000e+00
1.937478000000000065e+03 1.000000000000000000e+00
1.944901000000000067e+03 1.000000000000000000e+00
1.952325000000000045e+03 1.000000000000000000e+00
1.959746999999999844e+03 1.000000000000000000e+00
1.967168999999999869e+03 1.000000000000000000e+00
1.974590999999999894e+03 1.000000000000000000e+00
1.982012000000000171e+03 1.000000000000000000e+00
1.989432999999999993e+03 1.000000000000000000e+00
1.996853000000000065e+03 1.000000000000000000e+00
2.004272999999999911e+03 1.000000000000000000e+00
2.011692000000000007e+03 1.000000000000000000e+00
2.019111000000000104e+03 1.000000000000000000e+00
2.026528999999999996e+03 1.000000000000000000e+00
2.033948000000000093e+03 1.000000000000000000e+00
2.041364999999999782e+03 1.000000000000000000e+00
2.048782000000000153e+03 1.000000000000000000e+00
2.056198000000000320e+03 1.000000000000000000e+00
2.063614000000000033e+03 1.000000000000000000e+00
2.071029999999999745e+03 1.000000000000000000e+00
2.078444999999999709e+03 1.000000000000000000e+00
2.085859999999999673e+03 1.000000000000000000e+00
2.093273999999999887e+03 1.000000000000000000e+00
2.100687000000000353e+03 1.000000000000000000e+00
2.108099999999999909e+03 1.000000000000000000e+00
2.115511999999999716e+03 1.000000000000000000e+00
2.122923999999999978e+03 1.000000000000000000e+00
2.130335000000000036e+03 1.000000000000000000e+00
2.137746000000000095e+03 1.000000000000000000e+00
2.145157000000000153e+03 1.000000000000000000e+00
2.152566000000000258e+03 1.000000000000000000e+00
2.159975000000000364e+03 1.000000000000000000e+00
2.167384999999999764e+03 1.000000000000000000e+00
2.174793000000000120e+03 1.000000000000000000e+00
2.182199999999999818e+03 1.000000000000000000e+00
2.189608000000000175e+03 1.000000000000000000e+00
2.197013999999999669e+03 1.000000000000000000e+00
2.204420999999999822e+03 1.000000000000000000e+00
2.211826999999999771e+03 1.000000000000000000e+00
2.219231999999999971e+03 1.000000000000000000e+00
2.226637000000000171e+03 1.000000000000000000e+00
2.234041000000000167e+03 1.000000000000000000e+00
2.241445000000000164e+03 1.000000000000000000e+00
2.248847000000000207e+03 1.000000000000000000e+00
2.256250000000000000e+03 1.000000000000000000e+00
2.263652000000000044e+03 1.000000000000000000e+00
2.271054000000000087e+03 1.000000000000000000e+00
2.278454999999999927e+03 1.000000000000000000e+00
2.285855999999999767e+03 1.000000000000000000e+00
2.293255999999999858e+03 1.000000000000000000e+00
2.300654999999999745e+03 1.000000000000000000e+00
2.308053999999999633e+03 1.000000000000000000e+00
2.315452000000000226e+03 1.000000000000000000e+00
2.322849999999999909e+03 1.000000000000000000e+00
2.330246999999999844e+03 1.000000000000000000e+00
2.337644000000000233e+03 1.000000000000000000e+00
2.345038999999999760e+03 1.000000000000000000e+00
2.352434999999999945e+03 1.000000000000000000e+00
2.359829999999999927e+03 1.000000000000000000e+00
2.367224999999999909e+03 1.000000000000000000e+00
2.374617999999999938e+03 1.000000000000000000e+00
2.382010999999999967e+03 1.000000000000000000e+00
2.389403999999999996e+03 1.000000000000000000e+00
2.396795000000000073e+03 1.000000000000000000e+00
2.404186999999999898e+03 1.000000000000000000e+00
2.411577999999999975e+03 1.000000000000000000e+00
2.418969000000000051e+03 1.000000000000000000e+00
2.426358000000000175e+03 1.000000000000000000e+00
2.433748000000000047e+03 1.000000000000000000e+00
2.441136000000000422e+03 1.000000000000000000e+00
2.448523999999999887e+03 1.000000000000000000e+00
2.455912000000000262e+03 1.000000000000000000e+00
2.463298999999999978e+03 1.000000000000000000e+00
2.470684999999999945e+03 1.000000000000000000e+00
2.478070999999999913e+03 1.000000000000000000e+00
2.485456000000000131e+03 1.000000000000000000e+00
2.492840999999999894e+03 1.000000000000000000e+00
