0.00000000 0.00000000 0.00000000
0.00000000 0.00000000 0.00000000
0.00000000 0.00000000 0.00000000
0.00000000 0.00000000 0.00000000
0.00000000 0.00000000 0.00000000
0.00000000 0.00000000 0.00000000
0.00000000 0.00000000 0.00000000
0.00000000 0.00000000 0.00000000
0.00000000 0.00000000 0.00000000
0.00000000 0.00000000 0.00000000
0.00000000 0.00000000 0.00000000
0.00000000 0.00000000 0.00000000
0.00000000 0.00000000 0.00000000
0.00000000 0.00000000 0.00000000
0.00000000 0.00000000 0.00000000
0.00000000 0.00000000 0.00000000
0.00000000 0.00000000 0.00000000
0.00000000 0.00000000 0.00000000
0.00000000 0.00000000 0.00000000
0.00000000 0.00000000 0.00000000
0.00000000 0.00000000 0.00000000
0.00000000 0.00000000 0.00000000
0.00000000 0.00000000 0.00000000
0.00000000 0.00000000 0.00000000
0.00000000 0.00000000 0.00000000
0.00000000 0.00000000 0.00000000
0.00000000 0.00000000 0.00000000
0.00000000 0.00000000 0.00000000
0.00000000 0.00000000 0.00000000
0.00000000 0.00000000 0.00000000
0.00000000 0.00000000 0.00000000
0.00000000 0.00000000 0.00000000
0.00000000 0.00000000 0.00000000
0.00000000 0.00000000 0.00000000
0.00000000 0.00000000 0.00000000
0.00000000 0.00000000 0.00000000
0.00000000 0.00000000 0.00000000
0.00000000 0.00000000 0.00000000
0.00000000 0.00000000 0.00000000
0.00000000 0.00000000 0.00000000
0.00000000 0.00000000 0.00000000
0.00000000 0.00000000 0.00000000
0.00000000 0.00000000 0.00000000
0.00000000 0.00000000 0.00000000
0.00000000 0.00000000 0.00000000
0.00000000 0.00000000 0.00000000
0.00000000 0.00000000 0.00000000
0.00000000 0.00000000 0.00000000
0.00000000 0.00000000 0.00000000
0.00000000 0.00000000 0.00000000
0.00000000 0.00000000 0.00000000
0.00000000 0.00000000 0.00000000
0.00000000 0.00000000 0.00000000
0.00000000 0.00000000 0.00000000
0.00000000 0.00000000 0.00000000
0.00000000 0.00000000 0.00000000
0.00000000 0.00000000 0.00000000
0.00264184 0.00014699 0.00000000
0.02310794 0.00012543 0.00000000
-0.01876494 -0.00015657 0.00000000
-0.01266518 -0.00001983 0.00000000
-0.00638190 0.00009760 0.00000000
0.00518693 -0.00002137 0.00000000
0.00928780 -0.00017711 0.00000000
-0.00530569 -0.00006093 0.00000000
-0.00475717 -0.00007448 0.00000000
-0.00368806 0.00001890 0.00000000
-0.00234726 0.00007790 0.00000000
0.00653475 0.00020439 0.00000000
0.02848126 0.00018186 0.00000000
-0.01507034 -0.00026119 0.00000000
-0.00837082 -0.00021746 0.00000000
-0.02649458 -0.00028137 0.00000000
0.01003041 0.00023202 0.00000000
0.04944308 0.00049566 0.00000000
-0.02170689 0.00026338 0.00000000
-0.00381729 0.00011838 0.00000000
0.00434095 -0.00039557 0.00000000
-0.00987803 -0.00039063 0.00000000
-0.01504663 -0.00001262 0.00000000
0.00313066 -0.00005689 0.00000000
-0.00060216 0.00012861 0.00000000
0.00743303 0.00011228 0.00000000
0.00995857 0.00001772 0.00000000
0.00018519 -0.00004072 0.00000000
-0.00287062 -0.00000710 0.00000000
-0.00459597 0.00004008 0.00000000
-0.00533566 0.00009689 0.00000000
-0.00346285 0.00002663 0.00000000
-0.00331846 -0.00002904 0.00000000
-0.00064892 -0.00009258 0.00000000
0.00954629 -0.00004259 0.00000000
0.01303940 0.00001289 0.00000000
-0.00176610 -0.00007657 0.00000000
-0.00088411 -0.00007582 0.00000000
-0.00764400 0.00001091 0.00000000
-0.01001768 0.00004056 0.00000000
-0.00572799 0.00011481 0.00000000
0.01899920 0.00014099 0.00000000
0.01828091 -0.00022690 0.00000000
-0.00699212 0.00022977 0.00000000
-0.01374666 0.00016555 0.00000000
-0.01047487 -0.00014084 0.00000000
-0.00366397 -0.00025843 0.00000000
-0.00073510 -0.00018845 0.00000000
0.00587341 0.00028537 0.00000000
0.00059390 0.00011619 0.00000000
-0.00068858 -0.00002954 0.00000000
-0.00547418 -0.00018594 0.00000000
0.00360795 -0.00004664 0.00000000
0.00265926 -0.00007002 0.00000000
0.00309464 0.00002074 0.00000000
0.00188189 0.00008151 0.00000000
-0.00053615 0.00007522 0.00000000
0.00417197 0.00003595 0.00000000
-0.00512333 0.00001153 0.00000000
-0.01014301 0.00001272 0.00000000
0.00000000 0.00000000 0.00000000
0.00000000 0.00000000 0.00000000
0.00000000 0.00000000 0.00000000
0.00000000 0.00000000 0.00000000
0.00000000 0.00000000 0.00000000
0.00000000 0.00000000 0.00000000
0.00000000 0.00000000 0.00000000
0.00000000 0.00000000 0.00000000
0.00000000 0.00000000 0.00000000
0.00000000 0.00000000 0.00000000
0.00000000 0.00000000 0.00000000
0.00000000 0.00000000 0.00000000
0.00000000 0.00000000 0.00000000
0.00000000 0.00000000 0.00000000
0.00000000 0.00000000 0.00000000
0.00000000 0.00000000 0.00000000
-0.00070278 0.00027035 0.00000000
-0.00047559 0.00036558 0.00000000
-0.00095671 0.00035677 0.00000000
0.00011173 0.00044742 0.00000000
0.00151050 0.00074697 0.00000000
0.00046287 0.00038572 0.00000000
0.00022016 -0.00005222 0.00000000
0.00098074 -0.00024197 0.00000000
0.00293550 -0.00023713 0.00000000
0.00246058 -0.00027137 0.00000000
0.00062371 -0.00002934 0.00000000
-0.00298968 0.00019313 0.00000000
0.00129088 0.00019710 0.00000000
0.00707831 -0.00003666 0.00000000
0.00138015 -0.00011081 0.00000000
0.00110131 -0.00009819 0.00000000
-0.00481016 0.00011657 0.00000000
-0.00299474 0.00010974 0.00000000
0.00268421 -0.00002137 0.00000000
0.00117359 -0.00002206 0.00000000
0.00000000 0.00000000 0.00000000
0.00000000 0.00000000 0.00000000
0.00000000 0.00000000 0.00000000
0.00000000 0.00000000 0.00000000
0.00000000 0.00000000 0.00000000
0.00000000 0.00000000 0.00000000
0.00000000 0.00000000 0.00000000
0.00000000 0.00000000 0.00000000
0.00000000 0.00000000 0.00000000
0.00000000 0.00000000 0.00000000
0.00000000 0.00000000 0.00000000
0.00000000 0.00000000 0.00000000
0.00000000 0.00000000 0.00000000
0.00000000 0.00000000 0.00000000
0.00000000 0.00000000 0.00000000
0.00000000 0.00000000 0.00000000
0.00000000 0.00000000 0.00000000
0.00000000 0.00000000 0.00000000
0.00000000 0.00000000 0.00000000
0.00000000 0.00000000 0.00000000
0.00000000 0.00000000 0.00000000
0.00000000 0.00000000 0.00000000
0.00000000 0.00000000 0.00000000
0.00000000 0.00000000 0.00000000
0.00000000 0.00000000 0.00000000
0.00000000 0.00000000 0.00000000
0.00000000 0.00000000 0.00000000
0.00000000 0.00000000 0.00000000
0.00000000 0.00000000 0.00000000
0.00000000 0.00000000 0.00000000
0.00000000 0.00000000 0.00000000
0.00000000 0.00000000 0.00000000
0.00000000 0.00000000 0.00000000
0.00000000 0.00000000 0.00000000
0.00000000 0.00000000 0.00000000
-0.00027982 -0.00009640 0.00000000
0.00081924 -0.00004510 0.00000000
0.00678448 0.00005317 0.00000000
0.00231939 -0.00007313 0.00000000
0.00139486 -0.00004826 0.00000000
0.00080090 0.00022287 0.00000000
0.00102344 0.00024140 0.00000000
0.00031650 0.00025400 0.00000000
0.00026184 0.00016816 0.00000000
0.00026546 0.00021986 0.00000000
0.00017036 0.00018197 0.00000000
0.00037606 0.00028832 0.00000000
0.00017856 0.00011393 0.00000000
0.00061416 0.00031861 0.00000000
0.00088433 0.00053184 0.00000000
0.00106525 0.00051104 0.00000000
0.00053796 0.00028412 0.00000000
0.00032524 0.00027360 0.00000000
0.00112573 0.00047739 0.00000000
0.00264807 0.00074943 0.00000000
0.00235491 0.00055460 0.00000000
0.00300126 0.00037758 0.00000000
0.00425027 0.00021528 0.00000000
0.00555252 0.00007885 0.00000000
0.00619483 0.00002441 0.00000000
0.00000000 0.00000000 0.00000000
0.00000000 0.00000000 0.00000000
0.00000000 0.00000000 -0.00390205
0.00000000 0.00000000 -0.00177211
0.00000000 0.00000000 0.00800744
0.00000000 0.00000000 0.00012856
0.00000000 0.00000000 -0.00236631
0.00000000 0.00000000 -0.00037559
0.00000000 0.00000000 0.00406081
0.00000000 0.00000000 -0.00128861
0.00000000 0.00000000 0.00053026
0.00000000 0.00000000 0.00317654
0.00000000 0.00000000 -0.00740417
0.00000000 0.00000000 0.00000000
0.00000000 0.00000000 0.00000000
0.00000000 0.00000000 0.00000000
0.00000000 0.00000000 0.00000000
0.00000000 0.00000000 0.00000000
0.00000000 0.00000000 0.00000000
0.00000000 0.00000000 0.00000000
0.00000000 0.00000000 0.00000000
0.00000000 0.00000000 0.00000000
0.00000000 0.00000000 0.00000000
0.00000000 0.00000000 0.00000000
0.00000000 0.00000000 0.00000000
0.00000000 0.00000000 0.00000000
0.00000000 0.00000000 0.00000000
0.00000000 0.00000000 0.00000000
0.00000000 0.00000000 0.00000000
0.00000000 0.00000000 0.00000000
0.00000000 0.00000000 0.00000000
0.00000000 0.00000000 0.00000000
0.00000000 0.00000000 0.00000000
0.00000000 0.00000000 0.00000000
0.00000000 0.00000000 0.00000000
0.00000000 0.00000000 0.00000000
0.00000000 0.00000000 0.00000000
0.00000000 0.00000000 0.00000000
0.00000000 0.00000000 0.00000000
0.00000000 0.00000000 0.00000000
0.00000000 0.00000000 0.00000000
0.00000000 0.00000000 0.00000000
0.00000000 0.00000000 0.00000000
0.00000000 0.00000000 0.00000000
0.00000000 0.00000000 0.00000000
0.00187711 -0.00003540 0.00000000
-0.00267216 0.00001601 0.00000000
0.00163860 -0.00001667 0.00000000
-0.00084900 0.00001612 0.00000000
-0.00272871 0.00004507 0.00000000
0.00005695 0.00002469 0.00000000
0.00264061 0.00002254 0.00000000
0.00149597 0.00000964 0.00000000
-0.00335777 0.00001945 0.00000000
-0.00008217 -0.00002068 0.00000000
0.00130645 -0.00004857 0.00000000
0.00076443 -0.00005139 0.00000000
-0.00057683 -0.00002408 0.00000000
0.00023419 0.00001252 0.00000000
0.00018807 0.00001116 0.00000000
-0.00014855 0.00000306 0.00000000
-0.00099883 -0.00000467 0.00000000
0.00010684 0.00005458 0.00000000
-0.00037885 0.00003497 0.00000000
0.00293621 0.00004441 0.00000000
-0.00094007 -0.00002546 0.00000000
0.00013881 0.00004696 0.00000000
0.00028627 -0.00001475 0.00000000
-0.00254859 -0.00009364 0.00000000
-0.00185351 -0.00013083 0.00000000
0.00185289 0.00001430 0.00000000
0.00282477 0.00009271 0.00000000
